{
 "cells": [
  {
   "cell_type": "code",
   "execution_count": 1,
   "metadata": {},
   "outputs": [],
   "source": [
    "a = [[  5.00000000e+00,   8.92537313e+00,   1.00000000e+00,   0.00000000e+00,\n",
    "    0.00000000e+00,   0.00000000e+00,  -5.00000000e+00,  -8.92537313e+00],\n",
    " [  1.28507463e+01,   1.67761194e+01,  1.00000000e+00,  0.00000000e+00,\n",
    "    0.00000000e+00,   0.00000000e+00,  -1.28507463e+01,  -1.67761194e+01],\n",
    " [  1.28507463e+01,   1.67761194e+01,   1.00000000e+00,   0.00000000e+00,\n",
    "    0.00000000e+00,   0.00000000e+00,  -2.51913031e+04,  -3.28862076e+04],\n",
    " [  5.00000000e+00,   8.92537313e+00,   1.00000000e+00,   0.00000000e+00,\n",
    "    0.00000000e+00,   0.00000000e+00,  -1.03310345e+04,  -1.84416675e+04],\n",
    " [  0.00000000e+00,   0.00000000e+00,   0.00000000e+00,   5.00000000e+00,\n",
    "    8.92537313e+00,   1.00000000e+00,  -5.00000000e+00,  -8.92537313e+00],\n",
    " [  0.00000000e+00,   0.00000000e+00,   0.00000000e+00,   1.28507463e+01,\n",
    "    1.67761194e+01,   1.00000000e+00,  -1.28507463e+01,  -1.67761194e+01],\n",
    " [  0.00000000e+00,   0.00000000e+00,   0.00000000e+00,   1.28507463e+01,\n",
    "    1.67761194e+01,   1.00000000e+00,  -2.45108044e+04,  -3.19978446e+04],\n",
    " [  0.00000000e+00,   0.00000000e+00,   0.00000000e+00,   5.00000000e+00,\n",
    "    8.92537313e+00,   1.00000000e+00,  -1.00662644e+04,  -1.79690331e+04]]\n",
    "\n",
    "r = [  1.00000000e+00,   1.00000000e+00,   1.00000000e+00,   1.00000000e+00,\n",
    "   1.96029885e+03,   1.90734483e+03,   2.06620690e+03,   2.01325287e+03]"
   ]
  },
  {
   "cell_type": "code",
   "execution_count": 2,
   "metadata": {},
   "outputs": [],
   "source": [
    "import numpy as np\n",
    "np.set_printoptions(suppress=True) \n"
   ]
  },
  {
   "cell_type": "code",
   "execution_count": 3,
   "metadata": {},
   "outputs": [
    {
     "name": "stdout",
     "output_type": "stream",
     "text": [
      "[[  2.41872564e+23   2.86826210e+14  -2.86826210e+14  -2.41872564e+23\n",
      "   -2.48237632e+23   0.00000000e+00   0.00000000e+00   2.48237632e+23]\n",
      " [ -2.41872565e+23  -2.86826211e+14   2.86826211e+14   2.41872565e+23\n",
      "    2.48237633e+23   0.00000000e+00   0.00000000e+00  -2.48237633e+23]\n",
      " [  9.49440073e+23   1.12589991e+15  -1.12589991e+15  -9.49440073e+23\n",
      "   -9.74425340e+23  -0.00000000e+00  -0.00000000e+00   9.74425340e+23]\n",
      " [  2.35335468e+23   0.00000000e+00   0.00000000e+00  -2.35335468e+23\n",
      "   -2.41528507e+23   2.86826210e+14  -2.86826210e+14   2.41528507e+23]\n",
      " [ -2.35335469e+23   0.00000000e+00   0.00000000e+00   2.35335469e+23\n",
      "    2.41528508e+23  -2.86826211e+14   2.86826211e+14  -2.41528508e+23]\n",
      " [  9.23779531e+23  -0.00000000e+00  -0.00000000e+00  -9.23779531e+23\n",
      "   -9.48089520e+23   1.12589991e+15  -1.12589991e+15   9.48089520e+23]\n",
      " [ -1.24652672e+05  -0.00000000e+00  -0.00000000e+00   1.24652672e+05\n",
      "    1.27933006e+05  -0.00000000e+00  -0.00000000e+00  -1.27933006e+05]\n",
      " [  6.98305106e+04   0.00000000e+00   0.00000000e+00  -6.98305106e+04\n",
      "   -7.16681555e+04   0.00000000e+00   0.00000000e+00   7.16681555e+04]]\n"
     ]
    }
   ],
   "source": [
    "print np.linalg.inv(a)"
   ]
  },
  {
   "cell_type": "code",
   "execution_count": 5,
   "metadata": {},
   "outputs": [],
   "source": [
    "b = np.linalg.inv(a)"
   ]
  },
  {
   "cell_type": "code",
   "execution_count": 7,
   "metadata": {},
   "outputs": [
    {
     "data": {
      "text/plain": [
       "array([[  2.41872564e+23,   2.86826210e+14,  -2.86826210e+14,\n",
       "         -2.41872564e+23,  -2.48237632e+23,   0.00000000e+00,\n",
       "          0.00000000e+00,   2.48237632e+23],\n",
       "       [ -2.41872565e+23,  -2.86826211e+14,   2.86826211e+14,\n",
       "          2.41872565e+23,   2.48237633e+23,   0.00000000e+00,\n",
       "          0.00000000e+00,  -2.48237633e+23],\n",
       "       [  9.49440073e+23,   1.12589991e+15,  -1.12589991e+15,\n",
       "         -9.49440073e+23,  -9.74425340e+23,  -0.00000000e+00,\n",
       "         -0.00000000e+00,   9.74425340e+23],\n",
       "       [  2.35335468e+23,   0.00000000e+00,   0.00000000e+00,\n",
       "         -2.35335468e+23,  -2.41528507e+23,   2.86826210e+14,\n",
       "         -2.86826210e+14,   2.41528507e+23],\n",
       "       [ -2.35335469e+23,   0.00000000e+00,   0.00000000e+00,\n",
       "          2.35335469e+23,   2.41528508e+23,  -2.86826211e+14,\n",
       "          2.86826211e+14,  -2.41528508e+23],\n",
       "       [  9.23779531e+23,  -0.00000000e+00,  -0.00000000e+00,\n",
       "         -9.23779531e+23,  -9.48089520e+23,   1.12589991e+15,\n",
       "         -1.12589991e+15,   9.48089520e+23],\n",
       "       [ -1.24652672e+05,  -0.00000000e+00,  -0.00000000e+00,\n",
       "          1.24652672e+05,   1.27933006e+05,  -0.00000000e+00,\n",
       "         -0.00000000e+00,  -1.27933006e+05],\n",
       "       [  6.98305106e+04,   0.00000000e+00,   0.00000000e+00,\n",
       "         -6.98305106e+04,  -7.16681555e+04,   0.00000000e+00,\n",
       "          0.00000000e+00,   7.16681555e+04]])"
      ]
     },
     "execution_count": 7,
     "metadata": {},
     "output_type": "execute_result"
    }
   ],
   "source": [
    "b"
   ]
  },
  {
   "cell_type": "code",
   "execution_count": 8,
   "metadata": {},
   "outputs": [
    {
     "data": {
      "text/plain": [
       "68"
      ]
     },
     "execution_count": 8,
     "metadata": {},
     "output_type": "execute_result"
    }
   ],
   "source": [
    "5984 / 88"
   ]
  },
  {
   "cell_type": "code",
   "execution_count": null,
   "metadata": {},
   "outputs": [],
   "source": []
  }
 ],
 "metadata": {
  "kernelspec": {
   "display_name": "Python 2",
   "language": "python",
   "name": "python2"
  },
  "language_info": {
   "codemirror_mode": {
    "name": "ipython",
    "version": 2
   },
   "file_extension": ".py",
   "mimetype": "text/x-python",
   "name": "python",
   "nbconvert_exporter": "python",
   "pygments_lexer": "ipython2",
   "version": "2.7.12"
  }
 },
 "nbformat": 4,
 "nbformat_minor": 2
}
